911 3
1249
7025 22
8188
11544 33
12013
15394 44
15474
16071 46
23431
23728 47
23899
27882 60
27918
28531 62
28803
32789 75
36984
37303 76
37418
41385 89
43682
43979 90
44069
44366 91
44453
44754 92
44770
45071 93
45099
49686 108
50346
50647 109
50755
51056 110
51165
51466 111
51486
51787 112
51843
55831 125
55880
56485 127
56809
61414 142
61720
62643 145
64213
67601 156
67650
68868 160
72408
72711 161
72753
77372 176
77421
78639 180
78971
79274 181
79301
84519 198
84569
88566 211
88636
92002 222
92650
96641 235
136454
136755 236
136830
137131 237
137155
137456 238
138733
142742 251
142808
143413 253
143481
144399 256
153422
156798 267
157592
160966 278
161001
161302 279
161434
161735 280
207242
207543 281
207608
207909 282
207925
208226 283
208265
212255 296
212315
212616 297
212707
213010 298
213059
217644 313
217679
218000 314
218484
219089 316
219237
220158 319
220208
224791 334
224797
225098 335
232210
232513 336
232549
232852 337
232918
